000000
000003
000007
000009
000010
000011
000012
000013
000014
000016
000017
000018
000022
000026
000029
000030
000032
000034
000036
000038
000041
000043
000044
000045
000046
000049
000051
000054
000055
000056
000057
000060
000064
000067
000068
000069
000070
000071
000072
000073
000074
000075
000079
000080
000082
000083
000084
000085
000086
000087
000088
000091
000092
000095
000096
000097
000099
000100
000101
000103
000105
000109
000110
000111
000112
000113
000114
000115
000119
000120
000121
000123
000125
000127
000129
000130
000131
000133
000136
000138
000141
000142
000144
000145
000146
000148
000149
000150
000154
000155
000157
000158
000160
000162
000163
000164
000165
000166
000171
000172
000176
000177
000178
000179
000180
000184
000185
000189
000193
000198
000200
000202
000205
000206
000208
000209
000210
000214
000215
000217
000219
000220
000221
000222
000225
000227
000228
000232
000233
000238
000240
000241
000243
000244
000245
000253
000254
000255
000256
000257
000258
000259
000261
000264
000267
000271
000274
000275
000276
000277
000280
000282
000285
000286
000287
000288
000292
000294
000295
000296
000298
000299
000300
000303
000304
000306
000310
000313
000316
000317
000318
000322
000325
000326
000330
000331
000334
000337
000338
000339
000342
000344
000348
000349
000353
000358
000363
000364
000367
000368
000371
000374
000375
000380
000384
000387
000389
000390
000400
000405
000406
000410
000411
000412
000416
000417
000418
000421
000423
000424
000425
000426
000431
000432
000433
000434
000435
000438
000439
000441
000442
000444
000445
000447
000449
000456
000458
000460
000461
000462
000464
000465
000466
000467
000470
000471
000474
000482
000483
000484
000487
000488
000490
000497
000500
000501
000502
000505
000507
000511
000513
000514
000516
000518
000520
000522
000523
000525
000526
000529
000531
000532
000534
000535
000537
000538
000539
000540
000544
000547
000549
000550
000552
000553
000556
000557
000562
000563
000565
000570
000573
000574
000575
000576
000577
000578
000579
000580
000582
000584
000585
000586
000587
000592
000593
000594
000596
000597
000598
000599
000602
000603
000605
000606
000607
000608
000609
000616
000617
000621
000622
000623
000627
000629
000631
000632
000633
000637
000638
000640
000641
000643
000646
000649
000651
000652
000653
000654
000656
000661
000662
000663
000664
000665
000666
000668
000671
000672
000673
000675
000676
000678
000680
000681
000685
000686
000687
000688
000689
000690
000693
000695
000697
000701
000703
000705
000707
000709
000710
000711
000712
000713
000714
000715
000719
000720
000723
000724
000726
000730
000732
000733
000735
000738
000739
000742
000743
000744
000747
000749
000753
000755
000757
000758
000759
000760
000762
000763
000764
000770
000775
000776
000777
000780
000781
000783
000784
000785
000786
000787
000788
000789
000791
000793
000794
000796
000797
000799
000808
000813
000814
000815
000817
000818
000820
000821
000822
000824
000825
000827
000828
000829
000830
000832
000833
000834
000835
000836
000839
000842
000845
000846
000851
000853
000855
000856
000857
000858
000860
000861
000864
000865
000866
000867
000868
000870
000871
000872
000880
000882
000883
000886
000887
000888
000890
000891
000892
000895
000896
000898
000900
000901
000902
000903
000905
000906
000908
000910
000913
000914
000918
000919
000921
000924
000925
000927
000929
000933
000934
000935
000936
000937
000941
000945
000946
000947
000950
000951
000954
000955
000957
000959
000960
000962
000965
000968
000972
000975
000977
000978
000980
000982
000987
000989
000990
000992
000993
000994
000995
000996
000997
000998
001000
001001
001003
001004
001005
001009
001016
001017
001020
001023
001024
001028
001029
001030
001031
001032
001033
001034
001036
001038
001040
001041
001044
001045
001047
001048
001049
001052
001056
001057
001059
001060
001061
001062
001064
001072
001073
001074
001079
001080
001081
001082
001085
001087
001090
001091
001092
001093
001098
001100
001103
001105
001109
001110
001112
001117
001119
001121
001122
001124
001126
001128
001130
001137
001142
001146
001151
001156
001157
001159
001160
001161
001164
001165
001166
001168
001169
001170
001171
001174
001175
001181
001184
001185
001186
001190
001196
001197
001200
001201
001202
001204
001205
001208
001209
001210
001211
001212
001215
001219
001220
001223
001227
001229
001231
001233
001238
001240
001247
001248
001250
001256
001258
001262
001264
001276
001277
001278
001279
001280
001282
001283
001285
001288
001290
001293
001297
001298
001299
001300
001301
001302
001309
001310
001311
001312
001313
001315
001316
001319
001320
001321
001322
001323
001324
001325
001326
001327
001328
001335
001338
001340
001341
001343
001348
001349
001351
001354
001357
001358
001360
001361
001362
001364
001366
001367
001368
001369
001370
001371
001373
001378
001379
001383
001385
001390
001392
001393
001394
001396
001399
001400
001401
001402
001403
001404
001405
001406
001408
001409
001413
001414
001417
001418
001420
001422
001423
001425
001426
001428
001429
001430
001433
001434
001436
001440
001444
001447
001449
001452
001453
001454
001455
001456
001457
001459
001460
001462
001464
001465
001467
001468
001470
001472
001473
001474
001475
001476
001479
001482
001483
001484
001486
001490
001491
001492
001493
001494
001496
001498
001499
001500
001503
001504
001505
001506
001509
001510
001512
001515
001518
001519
001520
001523
001529
001530
001531
001532
001534
001539
001540
001541
001543
001544
001548
001550
001551
001553
001554
001556
001558
001559
001561
001563
001566
001568
001570
001571
001572
001575
001578
001580
001581
001584
001593
001595
001598
001599
001601
001604
001607
001608
001609
001611
001612
001614
001618
001620
001622
001623
001624
001626
001628
001630
001632
001636
001637
001638
001639
001641
001642
001644
001646
001648
001649
001651
001652
001653
001655
001657
001659
001661
001663
001668
001669
001671
001672
001673
001674
001676
001677
001678
001679
001681
001685
001686
001687
001688
001690
001691
001692
001695
001696
001698
001700
001703
001708
001715
001716
001720
001723
001724
001725
001728
001730
001731
001734
001735
001736
001737
001738
001739
001743
001744
001747
001748
001753
001754
001756
001757
001759
001760
001761
001763
001766
001767
001769
001770
001773
001775
001777
001779
001784
001785
001788
001789
001790
001791
001792
001793
001796
001798
001799
001803
001805
001806
001809
001810
001811
001812
001815
001816
001819
001821
001826
001827
001829
001830
001832
001833
001834
001836
001837
001838
001839
001841
001842
001843
001845
001847
001849
001850
001857
001860
001864
001865
001866
001870
001871
001873
001874
001876
001879
001882
001883
001889
001891
001894
001895
001896
001899
001901
001902
001903
001906
001907
001908
001910
001911
001912
001913
001914
001915
001916
001917
001918
001921
001922
001930
001935
001938
001939
001944
001947
001948
001949
001950
001951
001953
001955
001956
001957
001958
001961
001962
001963
001964
001965
001968
001970
001971
001973
001974
001975
001976
001981
001987
001988
001990
001992
001993
001994
001998
002003
002005
002006
002007
002009
002015
002016
002018
002020
002023
002024
002026
002030
002031
002032
002033
002039
002040
002041
002047
002051
002053
002055
002059
002060
002061
002063
002064
002065
002066
002067
002069
002070
002072
002077
002080
002083
002084
002088
002090
002092
002095
002096
002097
002098
002099
002104
002105
002106
002109
002110
002114
002116
002117
002119
002122
002125
002126
002129
002132
002133
002134
002141
002143
002144
002145
002146
002147
002148
002149
002150
002154
002155
002156
002157
002162
002164
002167
002171
002172
002174
002175
002176
002178
002180
002181
002184
002186
002189
002190
002191
002192
002194
002195
002197
002198
002199
002203
002204
002205
002208
002210
002211
002212
002213
002214
002217
002221
002222
002223
002226
002227
002230
002231
002235
002236
002237
002238
002240
002241
002242
002244
002247
002249
002252
002253
002256
002259
002261
002263
002264
002265
002267
002268
002269
002270
002271
002273
002274
002275
002278
002281
002285
002288
002289
002296
002297
002301
002302
002305
002309
002311
002312
002313
002316
002317
002318
002321
002322
002323
002324
002326
002328
002331
002333
002335
002339
002342
002343
002349
002350
002351
002352
002354
002355
002358
002360
002361
002363
002364
002368
002371
002373
002374
002375
002377
002379
002381
002388
002389
002390
002394
002395
002396
002400
002401
002402
002403
002406
002407
002408
002409
002410
002412
002413
002416
002417
002421
002426
002427
002430
002431
002435
002436
002437
002438
002441
002443
002444
002445
002447
002448
002449
002451
002452
002453
002456
002459
002464
002465
002466
002467
002468
002469
002470
002471
002472
002475
002480
002481
002482
002484
002485
002487
002489
002491
002493
002494
002496
002498
002501
002507
002508
002510
002512
002513
002514
002515
002517
002518
002522
002523
002524
002527
002533
002535
002536
002537
002542
002544
002545
002547
002549
002550
002551
002553
002554
002555
002559
002560
002561
002566
002567
002571
002573
002576
002578
002579
002582
002587
002588
002589
002591
002592
002593
002595
002596
002597
002605
002607
002608
002609
002610
002611
002614
002616
002617
002618
002620
002622
002623
002624
002627
002629
002632
002634
002637
002639
002642
002643
002647
002648
002649
002650
002652
002654
002655
002658
002659
002660
002662
002664
002665
002667
002668
002670
002671
002672
002676
002678
002679
002682
002683
002684
002687
002688
002689
002691
002697
002698
002700
002701
002703
002704
002705
002708
002714
002716
002718
002719
002723
002731
002732
002733
002734
002736
002738
002739
002741
002743
002750
002751
002754
002756
002759
002762
002766
002768
002769
002770
002771
002774
002776
002777
002778
002779
002780
002781
002782
002784
002785
002788
002790
002791
002792
002795
002798
002799
002802
002803
002807
002808
002813
002816
002817
002819
002821
002822
002823
002824
002825
002829
002832
002834
002835
002837
002838
002842
002843
002849
002850
002851
002852
002854
002855
002857
002859
002860
002862
002864
002865
002868
002869
002870
002871
002872
002873
002874
002882
002884
002886
002887
002888
002897
002898
002899
002904
002906
002907
002909
002910
002912
002913
002915
002918
002920
002921
002922
002923
002926
002927
002929
002931
002932
002933
002936
002938
002939
002940
002941
002943
002946
002949
002950
002952
002954
002956
002965
002967
002968
002969
002970
002972
002973
002975
002980
002981
002983
002986
002987
002989
002990
002992
002996
002998
003002
003008
003009
003012
003013
003014
003015
003016
003017
003018
003020
003021
003023
003026
003028
003036
003037
003039
003040
003041
003044
003045
003049
003051
003057
003059
003060
003063
003064
003068
003069
003070
003072
003075
003077
003078
003079
003081
003083
003084
003085
003086
003089
003091
003092
003093
003095
003097
003098
003100
003104
003105
003108
003111
003113
003115
003117
003119
003120
003121
003122
003123
003125
003128
003130
003132
003138
003139
003140
003143
003147
003149
003151
003152
003154
003155
003157
003158
003160
003163
003164
003166
003168
003169
003171
003173
003176
003178
003184
003185
003186
003188
003189
003191
003193
003195
003196
003198
003200
003201
003205
003206
003208
003209
003212
003213
003215
003218
003220
003223
003227
003230
003234
003235
003237
003238
003241
003243
003244
003245
003246
003248
003249
003253
003256
003258
003260
003261
003262
003263
003264
003267
003268
003270
003271
003273
003274
003277
003278
003279
003282
003284
003285
003286
003287
003289
003290
003291
003293
003294
003297
003299
003303
003307
003309
003311
003314
003317
003320
003321
003326
003327
003328
003329
003332
003333
003334
003335
003336
003339
003340
003342
003344
003345
003348
003349
003354
003356
003359
003360
003361
003362
003363
003369
003371
003372
003374
003376
003377
003378
003380
003381
003382
003383
003384
003387
003388
003389
003390
003391
003392
003398
003400
003413
003414
003415
003416
003418
003420
003423
003424
003427
003431
003433
003436
003437
003438
003439
003440
003441
003442
003444
003445
003446
003451
003452
003454
003455
003457
003458
003459
003460
003462
003463
003468
003472
003473
003475
003476
003477
003479
003485
003486
003493
003494
003498
003499
003500
003501
003505
003507
003508
003509
003510
003512
003513
003514
003516
003518
003522
003523
003525
003526
003532
003533
003534
003536
003537
003538
003540
003541
003542
003545
003546
003548
003549
003551
003555
003556
003560
003561
003564
003565
003566
003567
003569
003570
003572
003575
003576
003577
003578
003579
003581
003585
003586
003587
003589
003590
003591
003592
003593
003594
003595
003596
003597
003598
003599
003602
003603
003606
003610
003612
003613
003615
003617
003619
003625
003626
003628
003636
003637
003638
003639
003640
003641
003642
003644
003646
003648
003650
003651
003654
003656
003657
003660
003663
003664
003665
003666
003670
003672
003673
003674
003675
003680
003681
003685
003686
003687
003693
003694
003695
003696
003697
003698
003699
003700
003701
003704
003706
003709
003710
003713
003714
003717
003720
003721
003722
003724
003725
003727
003729
003730
003731
003732
003733
003734
003740
003741
003742
003743
003744
003745
003749
003752
003754
003757
003758
003759
003760
003761
003765
003766
003767
003768
003770
003772
003773
003774
003776
003780
003783
003784
003785
003786
003789
003790
003791
003792
003795
003796
003797
003799
003801
003803
003806
003810
003813
003815
003816
003817
003818
003819
003821
003823
003824
003825
003829
003831
003832
003833
003836
003838
003839
003840
003842
003843
003844
003845
003846
003848
003849
003850
003851
003853
003855
003857
003858
003861
003862
003863
003865
003867
003868
003871
003875
003876
003877
003882
003884
003887
003888
003889
003893
003895
003896
003900
003903
003904
003906
003908
003910
003911
003912
003913
003917
003918
003919
003921
003922
003925
003927
003928
003929
003930
003933
003935
003936
003939
003940
003941
003942
003944
003947
003949
003951
003952
003953
003954
003955
003957
003959
003960
003963
003966
003967
003968
003971
003973
003974
003976
003978
003979
003983
003985
003987
003988
003989
003990
003991
003993
003994
003995
003997
003999
004005
004006
004012
004013
004014
004015
004017
004018
004019
004020
004022
004023
004024
004025
004029
004030
004031
004035
004037
004039
004043
004044
004046
004047
004050
004052
004053
004054
004056
004057
004058
004060
004062
004066
004067
004069
004070
004071
004073
004075
004076
004078
004080
004084
004086
004088
004090
004093
004094
004097
004099
004102
004103
004106
004112
004114
004115
004123
004127
004133
004134
004135
004139
004141
004144
004145
004146
004147
004151
004159
004165
004166
004167
004169
004170
004176
004177
004178
004179
004180
004181
004182
004183
004184
004186
004192
004193
004194
004197
004198
004199
004200
004201
004203
004204
004208
004211
004212
004216
004217
004218
004219
004225
004227
004229
004230
004231
004233
004234
004235
004236
004238
004240
004244
004245
004247
004252
004253
004257
004258
004261
004262
004264
004265
004266
004267
004268
004269
004272
004273
004274
004276
004279
004283
004286
004287
004292
004296
004297
004302
004304
004308
004310
004313
004315
004316
004317
004320
004322
004325
004328
004331
004332
004333
004334
004339
004341
004344
004346
004347
004351
004354
004355
004356
004357
004358
004359
004361
004365
004366
004371
004372
004375
004376
004378
004379
004380
004381
004382
004386
004387
004389
004390
004394
004395
004399
004400
004405
004408
004409
004410
004411
004412
004413
004416
004417
004427
004428
004431
004432
004436
004441
004442
004445
004446
004448
004449
004451
004453
004455
004457
004459
004461
004463
004464
004466
004467
004468
004471
004473
004476
004477
004478
004479
004484
004488
004492
004495
004497
004498
004499
004500
004503
004504
004505
004506
004507
004509
004510
004512
004514
004515
004518
004522
004523
004524
004525
004533
004535
004536
004537
004538
004539
004543
004544
004545
004546
004550
004552
004554
004555
004558
004559
004560
004561
004563
004564
004565
004571
004572
004575
004577
004579
004580
004583
004584
004586
004590
004592
004593
004594
004595
004597
004600
004601
004602
004604
004605
004606
004607
004613
004614
004616
004617
004619
004621
004623
004625
004627
004628
004631
004635
004637
004639
004641
004642
004643
004645
004646
004653
004654
004656
004659
004661
004662
004663
004664
004670
004671
004674
004675
004676
004677
004678
004681
004684
004690
004696
004701
004702
004703
004704
004707
004712
004719
004723
004727
004728
004729
004731
004733
004736
004741
004747
004749
004750
004751
004754
004755
004757
004758
004760
004761
004765
004767
004771
004772
004774
004775
004778
004779
004780
004781
004784
004785
004786
004789
004793
004794
004795
004796
004798
004801
004802
004803
004805
004808
004809
004812
004818
004819
004820
004823
004824
004826
004827
004828
004833
004834
004836
004837
004838
004840
004841
004842
004844
004845
004847
004853
004854
004855
004856
004857
004865
004866
004869
004870
004872
004876
004877
004878
004879
004880
004882
004883
004884
004886
004889
004890
004894
004897
004899
004900
004901
004906
004908
004910
004911
004912
004913
004915
004916
004919
004922
004923
004925
004930
004933
004936
004937
004939
004940
004945
004950
004951
004952
004955
004957
004961
004964
004965
004967
004968
004969
004970
004971
004972
004973
004975
004977
004978
004980
004982
004984
004987
004991
004992
004997
005000
005003
005005
005006
005007
005009
005011
005012
005016
005018
005020
005022
005023
005025
005027
005029
005030
005031
005033
005035
005039
005042
005043
005044
005046
005047
005048
005051
005059
005060
005061
005066
005069
005071
005076
005083
005084
005085
005087
005088
005089
005091
005092
005096
005097
005098
005099
005100
005102
005104
005106
005107
005111
005114
005115
005116
005117
005118
005119
005123
005126
005129
005130
005131
005132
005134
005137
005142
005146
005148
005150
005151
005152
005154
005159
005160
005165
005169
005171
005173
005177
005178
005183
005186
005187
005192
005193
005195
005196
005200
005202
005203
005204
005205
005207
005208
005209
005210
005211
005212
005215
005216
005220
005223
005224
005225
005228
005231
005232
005235
005238
005239
005243
005245
005247
005248
005250
005252
005253
005254
005257
005258
005259
005261
005263
005264
005265
005266
005269
005270
005272
005277
005278
005281
005283
005285
005286
005288
005290
005291
005293
005294
005295
005300
005301
005302
005303
005305
005306
005310
005314
005317
005320
005324
005326
005327
005331
005332
005339
005340
005344
005346
005348
005351
005352
005353
005354
005355
005356
005357
005358
005361
005362
005364
005367
005370
005373
005374
005376
005380
005382
005383
005384
005387
005388
005392
005393
005394
005395
005396
005397
005398
005399
005400
005401
005402
005403
005406
005407
005408
005409
005410
005411
005412
005414
005416
005417
005418
005419
005420
005421
005424
005425
005428
005432
005433
005435
005436
005438
005439
005440
005442
005446
005451
005454
005455
005456
005457
005462
005463
005464
005468
005469
005470
005475
005478
005480
005483
005485
005488
005490
005491
005492
005493
005496
005497
005499
005500
005501
005502
005503
005504
005506
005507
005508
005509
005512
005513
005516
005517
005518
005519
005520
005521
005522
005524
005526
005527
005529
005530
005533
005535
005537
005539
005541
005543
005547
005548
005549
005550
005553
005554
005561
005562
005563
005564
005567
005568
005569
005574
005575
005578
005579
005583
005585
005591
005592
005593
005594
005597
005598
005599
005604
005605
005606
005607
005608
005609
005611
005612
005614
005615
005620
005621
005622
005624
005626
005627
005628
005629
005632
005636
005637
005641
005644
005645
005646
005647
005648
005651
005654
005655
005657
005661
005663
005665
005666
005667
005670
005671
005674
005675
005678
005679
005681
005682
005684
005686
005688
005690
005691
005692
005693
005694
005696
005697
005701
005702
005705
005710
005711
005715
005716
005718
005719
005720
005721
005722
005723
005726
005730
005732
005733
005734
005737
005738
005742
005748
005749
005750
005752
005753
005755
005756
005758
005759
005761
005764
005766
005767
005768
005769
005770
005771
005772
005773
005774
005775
005776
005778
005779
005780
005781
005788
005789
005791
005792
005795
005797
005798
005799
005802
005804
005808
005809
005810
005813
005814
005815
005816
005817
005823
005824
005825
005828
005830
005831
005832
005833
005835
005836
005837
005838
005842
005844
005845
005846
005847
005848
005849
005850
005851
005853
005858
005860
005861
005862
005863
005865
005866
005867
005868
005870
005871
005872
005874
005875
005877
005880
005884
005886
005888
005890
005891
005895
005896
005897
005898
005902
005904
005908
005915
005920
005924
005928
005929
005930
005932
005934
005936
005937
005940
005941
005942
005943
005945
005946
005950
005951
005953
005954
005956
005957
005959
005960
005964
005966
005967
005968
005971
005973
005974
005976
005977
005979
005980
005983
005987
005989
005990
005991
005992
005993
005995
005998
006000
006004
006006
006007
006011
006015
006017
006018
006019
006020
006021
006022
006025
006032
006035
006037
006040
006049
006051
006053
006055
006056
006059
006064
006065
006069
006072
006073
006076
006079
006080
006081
006082
006084
006089
006090
006091
006092
006094
006099
006101
006104
006105
006108
006109
006111
006112
006113
006119
006120
006124
006128
006129
006131
006132
006134
006135
006137
006138
006140
006141
006142
006143
006145
006147
006149
006150
006153
006155
006157
006158
006159
006160
006162
006164
006166
006170
006171
006172
006174
006175
006178
006179
006180
006181
006183
006184
006188
006189
006191
006192
006193
006197
006199
006200
006201
006203
006205
006206
006207
006209
006211
006212
006214
006216
006217
006218
006220
006221
006223
006224
006225
006226
006230
006231
006234
006235
006236
006237
006239
006241
006242
006243
006245
006248
006251
006252
006253
006254
006255
006256
006257
006259
006260
006261
006262
006264
006268
006271
006277
006279
006281
006283
006284
006285
006289
006290
006291
006292
006293
006294
006295
006296
006298
006299
006303
006304
006307
006308
006309
006310
006311
006313
006318
006319
006320
006323
006325
006326
006327
006328
006329
006330
006335
006336
006337
006341
006346
006347
006350
006352
006358
006359
006361
006362
006363
006365
006367
006373
006374
006375
006376
006378
006382
006383
006384
006387
006389
006390
006392
006397
006398
006399
006400
006401
006402
006404
006408
006412
006413
006414
006418
006419
006421
006422
006428
006429
006430
006431
006432
006438
006443
006447
006448
006449
006450
006455
006456
006457
006458
006459
006460
006461
006463
006466
006467
006471
006476
006479
006480
006485
006487
006489
006490
006492
006494
006495
006499
006500
006501
006502
006504
006509
006510
006511
006513
006518
006522
006523
006526
006527
006528
006536
006538
006539
006541
006543
006544
006545
006546
006547
006550
006552
006554
006557
006559
006562
006564
006566
006567
006571
006572
006573
006575
006579
006580
006584
006585
006587
006589
006591
006594
006598
006599
006600
006601
006605
006606
006607
006608
006609
006610
006615
006616
006617
006619
006620
006621
006622
006627
006630
006631
006635
006639
006640
006642
006644
006645
006646
006648
006652
006653
006654
006657
006661
006662
006663
006665
006668
006671
006672
006673
006675
006680
006681
006683
006684
006687
006688
006689
006690
006691
006697
006699
006700
006702
006704
006705
006706
006707
006708
006716
006717
006718
006721
006722
006724
006727
006728
006730
006735
006736
006739
006740
006742
006743
006746
006748
006749
006750
006757
006763
006766
006769
006774
006775
006776
006779
006784
006787
006788
006790
006793
006795
006799
006801
006802
006805
006809
006810
006814
006817
006820
006821
006823
006824
006825
006826
006827
006830
006831
006834
006835
006838
006839
006840
006842
006845
006846
006848
006851
006857
006859
006861
006864
006865
006867
006869
006871
006875
006877
006878
006880
006883
006886
006888
006890
006892
006893
006894
006896
006902
006904
006905
006909
006911
006912
006915
006916
006918
006919
006920
006921
006923
006924
006926
006927
006929
006931
006932
006933
006934
006935
006939
006940
006941
006946
006947
006949
006951
006952
006957
006958
006961
006963
006965
006966
006967
006969
006970
006972
006974
006975
006976
006979
006983
006984
006985
006986
006988
006991
006993
006995
006996
006998
007001
007002
007004
007007
007009
007013
007017
007018
007020
007021
007024
007025
007035
007036
007039
007040
007041
007044
007045
007046
007050
007051
007054
007057
007058
007060
007062
007064
007066
007070
007073
007075
007077
007086
007090
007092
007093
007094
007096
007097
007099
007101
007102
007104
007105
007106
007107
007108
007111
007113
007114
007116
007118
007121
007123
007124
007126
007127
007128
007129
007134
007137
007140
007141
007142
007143
007147
007148
007150
007151
007152
007153
007155
007156
007159
007160
007167
007170
007171
007173
007175
007179
007181
007184
007185
007186
007188
007189
007190
007191
007192
007193
007195
007196
007197
007203
007206
007209
007211
007213
007216
007218
007220
007222
007223
007224
007226
007228
007231
007234
007236
007237
007239
007241
007243
007245
007248
007249
007250
007251
007254
007257
007259
007263
007264
007268
007269
007270
007276
007281
007282
007285
007286
007293
007295
007296
007297
007298
007301
007305
007306
007307
007308
007312
007313
007314
007316
007317
007320
007321
007324
007328
007332
007333
007334
007335
007338
007340
007341
007346
007348
007354
007355
007356
007357
007358
007361
007362
007363
007365
007366
007367
007368
007370
007372
007373
007378
007379
007386
007387
007388
007390
007392
007393
007394
007399
007400
007404
007406
007408
007414
007417
007418
007425
007427
007428
007429
007431
007432
007438
007441
007443
007444
007446
007451
007452
007454
007455
007457
007459
007460
007461
007465
007471
007472
007474
007476
007479
007481
007484
007488
007490
007491
007492
007493
007494
007495
007497
007498
007499
007503
007507
007510
007511
007513
007515
007517
007519
007522
007524
007525
007526
007527
007530
007532
007535
007536
007537
007538
007541
007545
007548
007549
007550
007551
007552
007553
007554
007555
007556
007560
007561
007563
007564
007565
007566
007567
007568
007569
007572
007573
007576
007577
007578
007580
007581
007582
007584
007586
007590
007591
007592
007593
007594
007595
007596
007600
007601
007602
007604
007606
007608
007610
007611
007612
007614
007617
007619
007622
007623
007625
007626
007627
007629
007630
007631
007635
007636
007638
007639
007641
007643
007644
007645
007646
007647
007652
007653
007657
007658
007659
007660
007661
007665
007666
007670
007674
007679
007681
007683
007686
007687
007689
007690
007691
007695
007696
007698
007700
007701
007702
007703
007706
007708
007709
007713
007714
007719
007721
007722
007724
007725
007726
007734
007735
007736
007737
007738
007739
007740
007742
007745
007748
007752
007755
007756
007757
007758
007761
007763
007766
007767
007768
007769
007773
007775
007776
007777
007779
007780
007781
007784
007785
007787
007791
007794
007797
007798
007799
007803
007806
007807
007811
007812
007815
007818
007819
007820
007823
007825
007829
007830
007834
007839
007844
007845
007848
007849
007852
007855
007856
007861
007865
007868
007870
007871
007881
007886
007887
007891
007892
007893
007897
007898
007899
007902
007904
007905
007906
007907
007912
007913
007914
007915
007916
007919
007920
007922
007923
007925
007926
007928
007930
007937
007939
007941
007942
007943
007945
007946
007947
007948
007951
007952
007955
007963
007964
007965
007968
007969
007971
007978
007981
007982
007983
007986
007988
007992
007994
007995
007997
007999
008001
008003
008004
008006
008007
008010
008012
008013
008015
008016
008018
008019
008020
008021
008025
008028
008030
008031
008033
008034
008037
008038
008043
008044
008046
008051
008054
008055
008056
008057
008058
008059
008060
008061
008063
008065
008066
008067
008068
008073
008074
008075
008077
008078
008079
008080
008083
008084
008086
008087
008088
008089
008090
008097
008098
008102
008103
008104
008108
008110
008112
008113
008114
008118
008119
008121
008122
008124
008127
008130
008132
008133
008134
008135
008137
008142
008143
008144
008145
008146
008147
008149
008152
008153
008154
008156
008157
008159
008161
008162
008166
008167
008168
008169
008170
008171
008174
008176
008178
008182
008184
008186
008188
008190
008191
008192
008193
008194
008195
008196
008200
008201
008204
008205
008207
008211
008213
008214
008216
008219
008220
008223
008224
008225
008228
008230
008234
008236
008238
008239
008240
008241
008243
008244
008245
008251
008256
008257
008258
008261
008262
008264
008265
008266
008267
008268
008269
008270
008272
008274
008275
008277
008278
008280
008289
008294
008295
008296
008298
008299
008301
008302
008303
008305
008306
008308
008309
008310
008311
008313
008314
008315
008316
008317
008320
008323
008326
008327
008332
008334
008336
008337
008338
008339
008341
008342
008345
008346
008347
008348
008349
008351
008352
008353
008361
008363
008364
008367
008368
008369
008371
008372
008373
008376
008377
008379
008381
008382
008383
008384
008386
008387
008389
008391
008394
008395
008399
008400
008402
008405
008406
008408
008410
008414
008415
008416
008417
008418
008422
008426
008427
008428
008431
008432
008435
008436
008438
008440
008441
008443
008446
008449
008453
008456
008458
008459
008461
008463
008468
008470
008471
008473
008474
008475
008476
008477
008478
008479
008481
008482
008484
008485
008486
008490
008497
008498
008501
008504
008505
008509
008510
008511
008512
008513
008514
008515
008517
008519
008521
008522
008525
008526
008528
008529
008530
008533
008537
008538
008540
008541
008542
008543
008545
008553
008554
008555
008560
008561
008562
008563
008566
008568
008571
008572
008573
008574
008579
008581
008584
008586
008590
008591
008593
008598
008600
008602
008603
008605
008607
008609
008611
008618
008623
008627
008632
008637
008638
008640
008641
008642
008645
008646
008647
008649
008650
008651
008652
008655
008656
008662
008665
008666
008667
008671
008677
008678
008681
008682
008683
008685
008686
008689
008690
008691
008692
008693
008696
008700
008701
008704
008708
008710
008712
008714
008719
008721
008728
008729
008731
008737
008739
008743
008745
008757
008758
008759
008760
008761
008763
008764
008766
008769
008771
008774
008778
008779
008780
008781
008782
008783
008790
008791
008792
008793
008794
008796
008797
008800
008801
008802
008803
008804
008805
008806
008807
008808
008809
008816
008819
008821
008822
008824
008829
008830
008832
008835
008838
008839
008841
008842
008843
008845
008847
008848
008849
008850
008851
008852
008854
008859
008860
008864
008866
008871
008873
008874
008875
008877
008880
008881
008882
008883
008884
008885
008886
008887
008889
008890
008894
008895
008898
008899
008901
008903
008904
008906
008907
008909
008910
008911
008914
008915
008917
008921
008925
008928
008930
008933
008934
008935
008936
008937
008938
008940
008941
008943
008945
008946
008948
008949
008951
008953
008954
008955
008956
008957
008960
008963
008964
008965
008967
008971
008972
008973
008974
008975
008977
008979
008980
008981
008984
008985
008986
008987
008990
008991
008993
008996
008999
009000
009001
009004
009010
009011
009012
009013
009015
009020
009021
009022
009024
009025
009029
009031
009032
009034
009035
009037
009039
009040
009042
009044
009047
009049
009051
009052
009053
009056
009059
009061
009062
009065
009074
009076
009079
009080
009082
009085
009088
009089
009090
009092
009093
009095
009099
009101
009103
009104
009105
009107
009109
009111
009113
009117
009118
009119
009120
009122
009123
009125
009127
009129
009130
009132
009133
009134
009136
009138
009140
009142
009144
009149
009150
009152
009153
009154
009155
009157
009158
009159
009160
009162
009166
009167
009168
009169
009171
009172
009173
009176
009177
009179
009181
009184
009189
009196
009197
009201
009204
009205
009206
009209
009211
009212
009215
009216
009217
009218
009219
009220
009224
009225
009228
009229
009234
009235
009237
009238
009240
009241
009242
009244
009247
009248
009250
009251
009254
009256
009258
009260
009265
009266
009269
009270
009271
009272
009273
009274
009277
009279
009280
009284
009286
009287
009290
009291
009292
009293
009296
009297
009300
009302
009307
009308
009310
009311
009313
009314
009315
009317
009318
009319
009320
009322
009323
009324
009326
009328
009330
009331
009338
009341
009345
009346
009347
009351
009352
009354
009355
009357
009360
009363
009364
009370
009372
009375
009376
009377
009380
009382
009383
009384
009387
009388
009389
009391
009392
009393
009394
009395
009396
009397
009398
009399
009402
009403
009411
009416
009419
009420
009425
009428
009429
009430
009431
009432
009434
009436
009437
009438
009439
009442
009443
009444
009445
009446
009449
009451
009452
009454
009455
009456
009457
009462
009468
009469
009471
009473
009474
009475
009479
009484
009486
009487
009488
009490
009496
009497
009499
009501
009504
009505
009507
009511
009512
009513
009514
009520
009521
009522
009528
009532
009534
009536
009540
009541
009542
009544
009545
009546
009547
009548
009550
009551
009553
009558
009561
009564
009565
009569
009571
009573
009576
009577
009578
009579
009580
009585
009586
009587
009590
009591
009595
009597
009598
009600
009603
009606
009607
009610
009613
009614
009615
009622
009624
009625
009626
009627
009628
009629
009630
009631
009635
009636
009637
009638
009643
009645
009648
009652
009653
009655
009656
009657
009659
009661
009662
009665
009667
009670
009671
009672
009673
009675
009676
009678
009679
009680
009684
009685
009686
009689
009691
009692
009693
009694
009695
009698
009702
009703
009704
009707
009708
009711
009712
009716
009717
009718
009719
009721
009722
009723
009725
009728
009730
009733
009734
009737
009740
009742
009744
009745
009746
009748
009749
009750
009751
009752
009754
009755
009756
009759
009762
009766
009769
009770
009777
009778
009782
009783
009786
009790
009792
009793
009794
009797
009798
009799
009802
009803
009804
009805
009807
009809
009812
009814
009816
009820
009823
009824
009830
009831
009832
009833
009835
009836
009839
009841
009842
009844
009845
009849
009852
009854
009855
009856
009858
009860
009862
009869
009870
009871
009875
009876
009877
009881
009882
009883
009884
009887
009888
009889
009890
009891
009893
009894
009897
009898
009902
009907
009908
009911
009912
009916
009917
009918
009919
009922
009924
009925
009926
009928
009929
009930
009932
009933
009934
009937
009940
009945
009946
009947
009948
009949
009950
009951
009952
009953
009956
009961
009962
009963
009965
009966
009968
009970
009972
009974
009975
009977
009979
009982
009988
009989
009991
009993
009994
009995
009996
009998
009999
010003
010004
010005
010008
010014
010016
010017
010018
010023
010025
010026
010028
010030
010031
010032
010034
010035
010036
010040
010041
010042
010047
010048
010052
010054
010057
010059
010060
010063
010068
010069
010070
010072
010073
010074
010076
010077
010078
010086
010088
010089
010090
010091
010092
010095
010097
010098
010099
010101
010103
010104
010105
010108
010110
010113
010115
010118
010120
010123
010124
010128
010129
010130
010131
010133
010135
010136
010139
010140
010141
010143
010145
010146
010148
010149
010151
010152
010153
010157
010159
010160
010163
010164
010165
010168
010169
010170
010172
010178
010179
010181
010182
010184
010185
010186
010189
010195
010197
010199
010200
010204
010212
010213
010214
010215
010217
010219
010220
010222
010224
010231
010232
010235
010237
010240
010243
010247
010249
010250
010251
010252
010255
010257
010258
010259
010260
010261
010262
010263
010265
010266
010269
010271
010272
010273
010276
010279
010280
010283
010284
010288
010289
010294
010297
010298
010300
010302
010303
010304
010305
010306
010310
010313
010315
010316
010318
010319
010323
010324
010330
010331
010332
010333
010335
010336
010338
010340
010341
010343
010345
010346
010349
010350
010351
010352
010353
010354
010355
010363
010365
010367
010368
010369
010378
010379
010380
010385
010387
010388
010390
010391
010393
010394
010396
010399
010401
010402
010403
010404
010407
010408
010410
010412
010413
010414
010417
010419
010420
010421
010422
010424
010427
010430
010431
010433
010435
010437
010446
010448
010449
010450
010451
010453
010454
010456
010461
010462
010464
010467
010468
010470
010471
010473
010477
010479
010483
010489
010490
010493
010494
010495
010496
010497
010498
010499
010501
010502
010504
010507
010509
010517
010518
010520
010521
010522
010525
010526
010530
010532
010538
010540
010541
010544
010545
010549
010550
010551
010553
010556
010558
010559
010560
010562
010564
010565
010566
010567
010570
010572
010573
010574
010576
010578
010579
010581
010585
010586
010589
010592
010594
010596
010598
010600
010601
010602
010603
010604
010606
010609
010611
010613
010619
010620
010621
010624
010628
010630
010632
010633
010635
010636
010638
010639
010641
010644
010645
010647
010649
010650
010652
010654
010657
010659
010665
010666
010667
010669
010670
010672
010674
010676
010677
010679
010681
010682
010686
010687
010689
010690
010693
010694
010696
010699
010701
010704
010708
010711
010715
010716
010718
010719
010722
010724
010725
010726
010727
010729
010730
010734
010737
010739
010741
010742
010743
010744
010745
010748
010749
010751
010752
010754
010755
010758
010759
010760
010763
010765
010766
010767
010768
010770
010771
010772
010774
010775
010778
010780
010784
010788
010790
010792
010795
010798
010801
010802
010807
010808
010809
010810
010813
010814
010815
010816
010817
010820
010821
010823
010825
010826
010829
010830
010835
010837
010840
010841
010842
010843
010844
010850
010852
010853
010855
010857
010858
010859
010861
010862
010863
010864
010865
010868
010869
010870
010871
010872
010873
010879
010881
010894
010895
010896
010897
010899
010901
010904
010905
010908
010912
010914
010917
010918
010919
010920
010921
010922
010923
010925
010926
010927
010932
010933
010935
010936
010938
010939
010940
010941
010943
010944
010949
010953
010954
010956
010957
010958
010960
010966
010967
010974
010975
010979
010980
010981
010982
010986
010988
010989
010990
010991
010993
010994
010995
010997
010999
011003
011004
011006
011007
011013
011014
011015
011017
011018
011019
011021
011022
011023
011026
011027
011029
011030
011032
011036
011037
011041
011042
011045
011046
011047
011048
011050
011051
011053
011056
011057
011058
011059
011060
011062
011066
011067
011068
011070
011071
011072
011073
011074
011075
011076
011077
011078
011079
011080
011083
011084
011087
011091
011093
011094
011096
011098
011100
011106
011107
011109
011117
011118
011119
011120
011121
011122
011123
011125
011127
011129
011131
011132
011135
011137
011138
011141
011144
011145
011146
011147
011151
011153
011154
011155
011156
011161
011162
011166
011167
011168
011174
011175
011176
011177
011178
011179
011180
011181
011182
011185
011187
011190
011191
011194
011195
011198
011201
011202
011203
011205
011206
011208
011210
011211
011212
011213
011214
011215
011221
011222
011223
011224
011225
011226
011230
011233
011235
011238
011239
011240
011241
011242
011246
011247
011248
011249
011251
011253
011254
011255
011257
011261
011264
011265
011266
011267
011270
011271
011272
011273
011276
011277
011278
011280
011282
011284
011287
011291
011294
011296
011297
011298
011299
011300
011302
011304
011305
011306
011310
011312
011313
011314
011317
011319
011320
011321
011323
011324
011325
011326
011327
011329
011330
011331
011332
011334
011336
011338
011339
011342
011343
011344
011346
011348
011349
011352
011356
011357
011358
011363
011365
011368
011369
011370
011374
011376
011377
011381
011384
011385
011387
011389
011391
011392
011393
011394
011398
011399
011400
011402
011403
011406
011408
011409
011410
011411
011414
011416
011417
011420
011421
011422
011423
011425
011428
011430
011432
011433
011434
011435
011436
011438
011440
011441
011444
011447
011448
011449
011452
011454
011455
011457
011459
011460
011464
011466
011468
011469
011470
011471
011472
011474
011475
011476
011478
011480
011486
011487
011493
011494
011495
011496
011498
011499
011500
011501
011503
011504
011505
011506
011510
011511
011512
011516
011518
011520
011524
011525
011527
011528
011531
011533
011534
011535
011537
011538
011539
011541
011543
011547
011548
011550
011551
011552
011554
011556
011557
011559
011561
011565
011567
011569
011571
011574
011575
011578
011580
011583
011584
011587
011593
011595
011596
011604
011608
011614
011615
011616
011620
011622
011625
011626
011627
011628
011632
011640
011646
011647
011648
011650
011651
011657
011658
011659
011660
011661
011662
011663
011664
011665
011667
011673
011674
011675
011678
011679
011680
011681
011682
011684
011685
011689
011692
011693
011697
011698
011699
011700
011706
011708
011710
011711
011712
011714
011715
011716
011717
011719
011721
011725
011726
011728
011733
011734
011738
011739
011742
011743
011745
011746
011747
011748
011749
011750
011753
011754
011755
011757
011760
011764
011767
011768
011773
011777
011778
011783
011785
011789
011791
011794
011796
011797
011798
011801
011803
011806
011809
011812
011813
011814
011815
011820
011822
011825
011827
011828
011832
011835
011836
011837
011838
011839
011840
011842
011846
011847
011852
011853
011856
011857
011859
011860
011861
011862
011863
011867
011868
011870
011871
011875
011876
011880
011881
011886
011889
011890
011891
011892
011893
011894
011897
011898
011908
011909
011912
011913
011917
011922
011923
011926
011927
011929
011930
011932
011934
011936
011938
011940
011942
011944
011945
011947
011948
011949
011952
011954
011957
011958
011959
011960
011965
011969
011973
011976
011978
011979
011980
011981
011984
011985
011986
011987
011988
011990
011991
011993
011995
011996
011999
012003
012004
012005
012006
012014
012016
012017
012018
012019
012020
012024
012025
012026
012027
012031
012033
012035
012036
012039
012040
012041
012042
012044
012045
012046
012052
012053
012056
012058
012060
012061
012064
012065
012067
012071
012073
012074
012075
012076
012078
012081
012082
012083
012085
012086
012087
012088
012094
012095
012097
012098
012100
012102
012104
012106
012108
012109
012112
012116
012118
012120
012122
012123
012124
012126
012127
012134
012135
012137
012140
012142
012143
012144
012145
012151
012152
012155
012156
012157
012158
012159
012162
012165
012171
012177
012182
012183
012184
012185
012188
012193
012200
012204
012208
012209
012210
012212
012214
012217
012222
012228
012230
012231
012232
012235
012236
012238
012239
012241
012242
012246
012248
012252
012253
012255
012256
012259
012260
012261
012262
012265
012266
012267
012270
012274
012275
012276
012277
012279
012282
012283
012284
012286
012289
012290
012293
012299
012300
012301
012304
012305
012307
012308
012309
012314
012315
012317
012318
012319
012321
012322
012323
012325
012326
012328
012334
012335
012336
012337
012338
012346
012347
012350
012351
012353
012357
012358
012359
012360
012361
012363
012364
012365
012367
012370
012371
012375
012378
012380
012381
012382
012387
012389
012391
012392
012393
012394
012396
012397
012400
012403
012404
012406
012411
012414
012417
012418
012420
012421
012426
012431
012432
012433
012436
012438
012442
012445
012446
012448
012449
012450
012451
012452
012453
012454
012456
012458
012459
012461
012463
012465
012468
012472
012473
012478
012481
012484
012486
012487
012488
012490
012492
012493
012497
012499
012501
012503
012504
012506
012508
012510
012511
012512
012514
012516
012520
012523
012524
012525
012527
012528
012529
012532
012540
012541
012542
012547
012550
012552
012557
012564
012565
012566
012568
012569
012570
012572
012573
012577
012578
012579
012580
012581
012583
012585
012587
012588
012592
012595
012596
012597
012598
012599
012600
012604
012607
012610
012611
012612
012613
012615
012618
012623
012627
012629
012631
012632
012633
012635
012640
012641
012646
012650
012652
012654
012658
012659
012664
012667
012668
012673
012674
012676
012677
012681
012683
012684
012685
012686
012688
012689
012690
012691
012692
012693
012696
012697
012701
012704
012705
012706
012709
012712
012713
012716
012719
012720
012724
012726
012728
012729
012731
012733
012734
012735
012738
012739
012740
012742
012744
012745
012746
012747
012750
012751
012753
012758
012759
012762
012764
012766
012767
012769
012771
012772
012774
012775
012776
012781
012782
012783
012784
012786
012787
012791
012795
012798
012801
012805
012807
012808
012812
012813
012820
012821
012825
012827
012829
012832
012833
012834
012835
012836
012837
012838
012839
012842
012843
012845
012848
012851
012854
012855
012857
012861
012863
012864
012865
012868
012869
012873
012874
012875
012876
012877
012878
012879
012880
012881
012882
012883
012884
012887
012888
012889
012890
012891
012892
012893
012895
012897
012898
012899
012900
012901
012902
012905
012906
012909
012913
012914
012916
012917
012919
012920
012921
012923
012927
012932
012935
012936
012937
012938
012943
012944
012945
012949
012950
012951
012956
012959
012961
012964
012966
012969
012971
012972
012973
012974
012977
012978
012980
012981
012982
012983
012984
012985
012987
012988
012989
012990
012993
012994
012997
012998
012999
013000
013001
013002
013003
013005
013007
013008
013010
013011
013014
013016
013018
013020
013022
013024
013028
013029
013030
013031
013034
013035
013042
013043
013044
013045
013048
013049
013050
013055
013056
013059
013060
013064
013066
013072
013073
013074
013075
013078
013079
013080
013085
013086
013087
013088
013089
013090
013092
013093
013095
013096
013101
013102
013103
013105
013107
013108
013109
013110
013113
013117
013118
013122
013125
013126
013127
013128
013129
013132
013135
013136
013138
013142
013144
013146
013147
013148
013151
013152
013155
013156
013159
013160
013162
013163
013165
013167
013169
013171
013172
013173
013174
013175
013177
013178
013182
013183
013186
013191
013192
013196
013197
013199
013200
013201
013202
013203
013204
013207
013211
013213
013214
013215
013218
013219
013223
013229
013230
013231
013233
013234
013236
013237
013239
013240
013242
013245
013247
013248
013249
013250
013251
013252
013253
013254
013255
013256
013257
013259
013260
013261
013262
013269
013270
013272
013273
013276
013278
013279
013280
013283
013285
013289
013290
013291
013294
013295
013296
013297
013298
013304
013305
013306
013309
013311
013312
013313
013314
013316
013317
013318
013319
013323
013325
013326
013327
013328
013329
013330
013331
013332
013334
013339
013341
013342
013343
013344
013346
013347
013348
013349
013351
013352
013353
013355
013356
013358
013361
013365
013367
013369
013371
013372
013376
013377
013378
013379
013383
013385
013389
013396
013401
013405
013409
013410
013411
013413
013415
013417
013418
013421
013422
013423
013424
013426
013427
013431
013432
013434
013435
013437
013438
013440
013441
013445
013447
013448
013449
013452
013454
013455
013457
013458
013460
013461
013464
013468
013470
013471
013472
013473
013474
013476
013479
013481
013485
013487
013488
013492
013496
013498
013499
013500
013501
013502
013503
013506
013513
013516
013518
013521
013530
013532
013534
013536
013537
013540
013545
013546
013550
013553
013554
013557
013560
013561
013562
013563
013565
013570
013571
013572
013573
013575
013580
013582
013585
013586
013589
013590
013592
013593
013594
013600
013601
013605
013609
013610
013612
013613
013615
013616
013618
013619
013621
013622
013623
013624
013626
013628
013630
013631
013634
013636
013638
013639
013640
013641
013643
013645
013647
013651
013652
013653
013655
013656
013659
013660
013661
013662
013664
013665
013669
013670
013672
013673
013674
013678
013680
013681
013682
013684
013686
013687
013688
013690
013692
013693
013695
013697
013698
013699
013701
013702
013704
013705
013706
013707
013711
013712
013715
013716
013717
013718
013720
013722
013723
013724
013726
013729
013732
013733
013734
013735
013736
013737
013738
013740
013741
013742
013743
013745
013749
013752
013758
013760
013762
013764
013765
013766
013770
013771
013772
013773
013774
013775
013776
013777
013779
013780
013784
013785
013788
013789
013790
013791
013792
013794
013799
013800
013801
013804
013806
013807
013808
013809
013810
013811
013816
013817
013818
013822
013827
013828
013831
013833
013839
013840
013842
013843
013844
013846
013848
013854
013855
013856
013857
013859
013863
013864
013865
013868
013870
013871
013873
013878
013879
013880
013881
013882
013883
013885
013889
013893
013894
013895
013899
013900
013902
013903
013909
013910
013911
013912
013913
013919
013924
013928
013929
013930
013931
013936
013937
013938
013939
013940
013941
013942
013944
013947
013948
013952
013957
013960
013961
013966
013968
013970
013971
013973
013975
013976
013980
013981
013982
013983
013985
013990
013991
013992
013994
013999
014003
014004
014007
014008
014009
014017
014019
014020
014022
014024
014025
014026
014027
014028
014031
014033
014035
014038
014040
014043
014045
014047
014048
014052
014053
014054
014056
014060
014061
014065
014066
014068
014070
014072
014075
014079
014080
014081
014082
014086
014087
014088
014089
014090
014091
014096
014097
014098
014100
014101
014102
014103
014108
014111
014112
014116
014120
014121
014123
014125
014126
014127
014129
014133
014134
014135
014138
014142
014143
014144
014146
014149
014152
014153
014154
014156
014161
014162
014164
014165
014168
014169
014170
014171
014172
014178
014180
014181
014183
014185
014186
014187
014188
014189
014197
014198
014199
014202
014203
014205
014208
014209
014211
014216
014217
014220
014221
014223
014224
014227
014229
014230
014231
014238
014244
014247
014250
014255
014256
014257
014260
014265
014268
014269
014271
014274
014276
014280
014282
014283
014286
014290
014291
014295
014298
014301
014302
014304
014305
014306
014307
014308
014311
014312
014315
014316
014319
014320
014321
014323
014326
014327
014329
014332
014338
014340
014342
014345
014346
014348
014350
014352
014356
014358
014359
014361
014364
014367
014369
014371
014373
014374
014375
014377
014383
014385
014386
014390
014392
014393
014396
014397
014399
014400
014401
014402
014404
014405
014407
014408
014410
014412
014413
014414
014415
014416
014420
014421
014422
014427
014428
014430
014432
014433
014438
014439
014442
014444
014446
014447
014448
014450
014451
014453
014455
014456
014457
014460
014464
014465
014466
014467
014469
014472
014474
014476
014477
014479
014482
014483
014485
014488
014490
014494
014498
014499
014501
014502
014505
014506
014516
014517
014520
014521
014522
014525
014526
014527
014531
014532
014535
014538
014539
014541
014543
014545
014547
014551
014554
014556
014558
014567
014571
014573
014574
014575
014577
014578
014580
014582
014583
014585
014586
014587
014588
014589
014592
014594
014595
014597
014599
014602
014604
014605
014607
014608
014609
014610
014615
014618
014621
014622
014623
014624
014628
014629
014631
014632
014633
014634
014636
014637
014640
014641
014648
014651
014652
014654
014656
014660
014662
014665
014666
014667
014669
014670
014671
014672
014673
014674
014676
014677
014678
014684
014687
014690
014692
014694
014697
014699
014701
014703
014704
014705
014707
014709
014712
014715
014717
014718
014720
014722
014724
014726
014729
014730
014731
014732
014735
014738
014740
014744
014745
014749
014750
014751
014757
014762
014763
014766
014767
014774
014776
014777
014778
014779
014782
014786
014787
014788
014789
014793
014794
014795
014797
014798
014801
014802
014805
014809
014813
014814
014815
014816
014819
014821
014822
014827
014829
014835
014836
014837
014838
014839
014842
014843
014844
014846
014847
014848
014849
014851
014853
014854
014859
014860
014867
014868
014869
014871
014873
014874
014875
014880
014881
014885
014887
014889
014895
014898
014899
014906
014908
014909
014910
014912
014913
014919
014922
014924
014925
014927
014932
014933
014935
014936
014938
014940
014941
014942
014946
014952
014953
014955
014957
014960